0
"0","0","1"
-1,"10","0","100000"
"6.67385E-11",2.510229E+09,-.3141593
11,-1982.498,0,0,2,197,35
1.98892D+30,-538112567.9604666,7554644.765577328,-203908116.6669675,-2.182986623531264,-.1699657074401263,10.58818131181605
 4294967040 
3.5845D+23,2913692676.691906,-4491945046.856153,51963799784.24772,50780.22626750105,5309.274762828416,-12621.22994526021
 4290495994 
4.8988D+24,74660982775.91447,-3434904765.842053,77466308620.96271,25015.64117526715,1756.261709035665,-24454.79802384456
 4294944050 
5.9742D+24,146359866670.5584,-8353162.337369423,-7912268509.88724,-1665.711632745332,-.6323813803871251,-30239.86026616674
 4278190335 
6.419100000000001D+23,62518461530.17378,-3600758543.826663,201236142398.6484,25192.87653521406,682.4686084282313,-6301.380168221991
 4294901760 
1.8991D+27,762001772781.053,-4343017366.68526,51737153688.81822,1491.761978109104,289.0814483316457,-13203.96418049961
 4294948545 
5.6862D+26,-1434061926970.846,7356245877.587486,441046873016.8041,2817.186463746964,-395.6302362011992,8710.806660861765
 4289506476 
8.6805D+25,830292864092.963,36810149734.84278,-2606128867877.125,-6810.711799016078,2.233224410383157,-2118.5830394381
 4288267494 
1.0248D+26,3512387767526.288,-136111326071.126,2745584180772.603,3381.292095379543,29.6772130680539,-4314.67657982337
 4282477025 
1.195D+22,-2380653450174.495,-1360804141670.56,5539260856667.617,3600.274092990303,-1129.957079122482,2546.122658332953
 4292571283 
7.36D+22,146130629258.681,-30212781.12577476,-8202035433.0457,-2453.879695271887,78.2732571637534,-29535.01082635417
 4292664512 
8.7D+17,770565889837.0925,-7921398567.083032,56078165347.58346,-856.6449606877907,-1045.108334373004,-10518.4469484654
 4284119160 
